Classification Report:
              precision    recall  f1-score     support
pop            0.520833  0.500000  0.510204  100.000000
classical      0.382022  0.343434  0.361702   99.000000
jazz           0.606838  0.717172  0.657407   99.000000
hiphop         0.504950  0.510000  0.507463  100.000000
reggae         0.684615  0.890000  0.773913  100.000000
disco          0.563636  0.319588  0.407895   97.000000
metal          0.672000  0.840000  0.746667  100.000000
country        0.475610  0.397959  0.433333   98.000000
blues          0.858491  0.928571  0.892157   98.000000
rock           0.370787  0.333333  0.351064   99.000000
accuracy       0.578788  0.578788  0.578788    0.578788
macro avg      0.563978  0.578006  0.564180  990.000000
weighted avg   0.563898  0.578788  0.564581  990.000000